56.69
56.69
56.59
56.71
56.25
56.05
40.14
33.83
33.87
33.7
33.69
33.45
33.17
33.12
33.57
39.32
39.8
39.8
39.64
38.38
38.3
38.13
38.03
38.04
38.05
28.24
28.24
28.15
28.37
28.35
28.33
28.34
28.34
28.31
27.47
27.24
27.22
27.15
27.0
26.79
26.76
26.71
26.6
26.58
26.14
26.78
26.68
26.48
26.44
26.46
25.73
26.15
26.02
26.02
26.09
26.05
25.9
25.88
25.73
25.71
25.68
25.68
25.68
25.72
25.72
26.24
26.26
26.27
26.28
26.28
26.33
26.33
26.59
26.34
26.52
26.34
26.36
26.34
26.32
26.37
26.31
26.35
30.38
26.33
26.16
26.19
26.21
26.19
26.11
26.09
25.64
25.41
25.41
25.41
25.4
25.4
25.33
36.14
36.0
35.97
35.97
35.97
36.02
36.02
36.09
36.03
35.73
33.46
33.46
33.75
33.71
33.82
33.85
33.85
33.93
33.98
33.99
34.0
33.99
33.98
33.99
33.99
33.97
33.97
34.23
34.23
34.21
38.32
37.93
37.93
37.93
37.93
37.93
37.9
38.0
38.0
38.22
38.23
38.23
38.23
38.24
38.03
38.03
35.84
35.8
35.75
35.72
35.72
35.72
35.66
35.65
35.75
35.65
35.66
35.72
35.71
35.66
35.55
35.65
35.61
35.86
35.84
35.83
35.9
35.8
35.72
35.63
35.53
35.44
35.44
35.46
35.46
35.46
35.46
35.43
35.43
35.34
35.29
35.66
35.55
35.55
35.55
35.54
35.33
35.32
35.3
36.7
36.7
36.7
36.7
36.7
36.7
36.55
36.56
36.56
38.35
38.33
38.31
38.31
38.32
38.4
38.46
38.46
38.46
38.4
38.39
35.91
35.82
35.82
35.11
35.12
35.1
34.99
34.97
34.98
34.91
34.74
34.72
34.72
34.74
34.79
34.79
34.79
34.79
34.79
34.79
34.9
34.9
34.88
34.78
34.78
34.8
34.71
34.71
34.7
34.7
34.7
34.68
34.67
34.43
34.43
34.42
34.38
34.43
34.39
34.39
34.39
34.36
34.36
34.03
34.03
34.04
33.94
33.95
34.02
34.09
34.09
34.1
33.88
34.56
34.55
34.89
35.76
35.76
35.99
36.48
37.01
37.42
39.35
27.86
27.86
27.85
27.83
27.84
28.01
28.08
28.06
28.05
28.05
28.05
28.02
28.02
28.21
28.21
28.21
28.29
28.22
28.19
28.2
28.17
25.53
25.53
25.49
25.47
24.88
24.88
24.68
24.8
24.68
24.69
24.72
24.67
24.68
24.68
24.69
24.69
24.68
24.62
24.52
24.45
24.37
24.3
24.24
24.18
24.18
24.17
24.15
23.56
31.34
32.54
32.81
33.32
33.29
33.29
33.97
34.06
34.06
34.13
34.15
34.14
34.14
34.01
34.03
33.83
33.87
35.95
35.95
35.95
35.95
35.95
35.98
35.98
35.98
35.98
35.98
35.98
35.96
35.96
35.96
33.93
33.93
32.73
32.75
32.75
33.02
33.34
33.36
33.36
33.36
33.36
33.36
33.36
33.36
33.36
33.36
33.38
33.38
33.37
33.41
33.41
33.34
33.35
33.38
34.21
34.21
34.21
34.21
34.21
34.2
34.2
34.2
34.21
34.22
34.22
34.21
34.21
34.21
34.23
34.23
34.55
34.53
34.52
34.65
34.66
34.66
34.65
34.65
34.65
34.65
34.65
34.7
34.7
34.7
34.96
35.03
35.03
35.04
35.04
35.04
35.03
35.03
35.03
35.55
35.55
35.55
35.55
35.55
35.55
35.54
35.54
35.47
35.47
35.78
35.82
35.82
35.82
35.92
36.84
36.81
36.9
36.93
37.54
37.54
37.54
38.05
38.06
38.07
37.97
40.54
40.68
40.71
40.68
40.68
40.34
40.34
40.34
40.34
40.34
40.82
40.82
40.82
40.82
40.82
40.82
42.33
42.32
42.34
42.28
42.58
42.79
42.88
43.13
46.22
46.31
46.3
46.3
46.31
46.32
46.97
46.97
46.97
47.49
47.49
47.47
47.47
47.26
47.44
47.46
47.33
47.33
47.32
47.32
47.32
47.32
47.32
47.39
47.42
47.32
47.86
47.99
47.99
47.96
47.96
48.17
48.11
48.11
48.35
48.35
48.48
48.48
48.47
48.47
48.75
49.03
49.04
49.03
49.04
49.04
49.04
49.24
49.32
49.32
49.32
49.31
49.33
49.44
49.56
49.56
51.54
51.54
51.55
49.54
49.56
49.58
49.57
49.58
49.59
50.03
50.04
50.24
50.25
50.53
52.45
52.49
52.51
52.47
52.59
52.78
52.77
53.21
53.18
53.57
53.57
53.61
53.69
53.78
53.78
53.83
54.17
54.39
54.39
54.52
54.6
54.7
54.74
54.81
54.91
55.0
55.08
55.18
55.2
55.25
55.25
55.26
55.25
55.4
55.59
55.64
55.65
55.64
55.64
56.12
56.19
56.29
56.63
56.71
56.94
56.91
57.94
57.94
58.03
58.11
58.1
58.57
58.61
58.68
58.69
58.7
58.77
58.82
58.82
58.83
58.86
58.87
58.88
58.88
58.88
58.89
58.89
58.89
58.86
58.86
58.87
58.87
58.89
58.9
58.92
58.94
59.06
59.07
59.07
59.1
59.15
59.17
59.1
59.15
59.17
59.14
59.45
59.74
59.75
59.75
59.83
59.8
59.85
59.76
76.16
76.16
76.16
76.17
76.17
76.17
76.17
76.17
76.17
76.19
76.2
76.2
76.21
76.22
76.22
76.22
76.22
76.22
76.22
76.1
76.06
76.08
76.19
76.19
76.17
76.18
76.18
76.18
76.18
76.13
76.13
76.18
76.13
76.13
76.13
76.15
76.15
76.17
76.17
76.16
76.14
76.13
76.13
76.13
76.13
76.13
76.13
76.14
76.14
76.16
76.18
76.2
76.2
76.19
76.21
76.25
76.25
76.17
76.17
76.0
76.01
76.0
76.0
76.0
76.0
76.0
76.0
76.04
75.91
75.91
75.92
76.16
76.16
76.16
76.16
76.16
76.19
76.17
76.17
76.17
76.17
76.17
76.18
76.19
76.19
76.18
76.18
76.2
76.25
76.25
76.25
76.27
76.28
76.28
76.47
76.47
76.47
76.47
76.47
76.48
76.48
76.48
76.48
76.49
76.61
76.6
76.61
76.61
76.61
76.62
76.62
76.55
76.55
76.55
76.58
76.6
76.6
76.61
76.62
76.58
76.58
76.58
76.57
76.62
76.62
76.67
76.67
76.67
76.66
76.65
76.64
76.64
76.64
76.64
76.64
76.65
76.65
76.65
76.65
76.61
76.6
76.6
76.6
76.61
76.61
76.61
76.7
76.7
76.7
76.7
76.7
76.78
76.79
76.79
76.79
76.83
76.83
76.83
76.81
76.82
76.86
76.86
76.88
76.89
76.89
76.88
76.92
76.92
76.91
76.91
76.91
76.91
76.91
76.91
76.91
76.91
76.94
76.95
76.95
76.96
76.95
77.59
77.59
77.58
77.57
77.58
77.58
77.58
77.58
77.58
77.59
77.6
77.6
77.58
77.59
77.59
77.6
77.6
77.61
77.61
77.61
77.62
77.63
77.63
77.62
77.62
77.61
77.59
77.59
77.61
77.64
77.64
77.65
77.65
77.63
77.61
77.62
77.61
77.6
77.6
77.6
77.6
77.6
77.64
77.65
77.65
77.71
77.72
77.74
77.76
77.84
77.88
77.89
77.88
78.05
78.05
78.05
78.04
78.05
78.05
78.06
78.06
78.06
78.07
78.08
78.08
78.23
78.23
78.23
78.23
78.23
78.24
78.24
78.24
78.24
78.22
78.22
78.23
78.23
78.24
78.26
78.28
78.29
78.29
78.29
78.29
78.29
78.29
78.37
78.37
78.37
78.37
78.38
78.38
78.66
78.66
78.69
78.69
78.79
78.79
78.76
78.75
78.75
78.76
78.76
78.81
78.87
78.87
78.87
78.87
78.86
78.86
78.86
78.88
78.87
78.88
78.88
78.88
78.88
78.88
78.88
78.89
78.89
78.89
78.89
78.89
78.89
78.94
78.94
78.97
78.99
79.01
79.03
79.05
79.11
79.11
79.12
79.13
79.13
79.14
79.14
79.14
79.15
79.15
79.15
79.15
79.16
79.17
79.17
79.11
79.09
79.09
79.09
79.1
79.1
77.78
77.78
77.78
77.82
77.82
77.83
77.83
77.83
77.91
77.9
77.91
77.91
77.91
77.98
77.98
77.99
78.01
77.99
78.02
78.02
78.03
78.03
78.03
78.03
78.03
78.03
78.03
78.03
78.07
78.07
78.1
78.1
78.1
78.09
78.1
78.14
78.14
78.18
78.18
78.18
78.18
78.2
78.21
78.21
78.22
78.18
78.18
78.18
78.18
78.19
78.19
78.19
78.2
78.21
78.21
78.21
78.22
78.22
78.23
78.23
78.23
78.23
78.23
78.23
78.24
78.24
78.24
77.97
77.97
77.97
77.99
77.99
78.01
78.01
78.01
78.01
78.01
78.01
78.06
78.09
78.09
78.19
78.17
78.17
78.19
78.19
78.19
78.19
78.2
78.2
78.2
78.2
78.2
78.22
78.22
78.22
80.68
80.68
80.68
80.7
80.7
80.7
80.87
80.87
80.87
80.87
80.87
80.87
80.88
80.9
80.9
80.9
80.91
80.91
80.92
80.93
80.93
80.99
80.99
80.99
80.99
80.99
80.99
80.99
80.99
80.99
80.99
81.0
81.0
80.93
80.93
80.93
80.93
75.11
75.11
75.1
75.1
75.1
77.33
75.91
75.91
75.91
75.91
75.91
75.94
75.94
75.96
75.97
75.96
75.93
75.93
75.96
75.93
75.93
75.93
75.94
75.94
75.85
75.85
75.78
75.78
75.87
75.89
75.89
76.02
76.02
76.01
76.02
76.02
76.01
76.01
76.01
76.01
76.06
76.06
76.06
76.06
76.06
76.06
76.06
76.05
76.05
76.07
76.08
76.08
76.07
76.07
76.08
76.16
76.16
76.16
76.16
76.16
76.17
76.16
76.16
76.16
76.16
76.16
76.17
76.19
76.19
76.2
76.18
76.18
76.19
76.19
76.22
76.21
76.19
76.19
76.19
76.21
76.21
76.19
76.18
76.18
76.18
76.18
76.18
76.21
76.2
76.2
76.22
76.12
76.12
76.13
76.42
76.42
76.42
76.38
76.38
76.38
76.38
76.38
76.38
76.36
76.37
76.37
76.37
76.37
76.37
76.36
76.36
76.32
76.32
76.32
76.33
76.33
76.33
76.33
76.33
76.33
76.33
76.33
76.14
76.12
76.12
76.12
76.12
76.12
76.12
76.12
76.12
76.12
76.1
76.1
76.1
76.09
76.28
76.26
76.24
76.18
76.18
76.17
76.17
76.17
76.18
76.18
76.16
76.16
76.22
76.25
76.24
76.24
76.89
76.89
76.89
76.89
76.89
76.89
76.89
76.91
76.88
76.88
76.88
76.88
76.89
76.91
76.68
76.69
76.69
76.99
76.99
77.0
77.0
76.97
76.97
76.97
76.98
76.98
76.98
77.02
77.02
77.05
77.04
77.05
77.05
77.05
76.96
76.98
76.98
76.98
76.98
76.98
76.98
76.97
76.97
76.97
76.9
76.9
76.9
76.9
76.9
76.91
76.9
76.9
77.11
77.11
77.09
77.09
77.08
77.08
77.09
77.09
77.09
77.1
77.12
77.13
77.13
77.14
77.14
77.14
77.14
77.33
77.33
77.31
77.31
77.31
77.3
77.3
77.3
77.3
77.41
77.41
77.41
77.4
77.39
77.38
77.3
77.3
77.3
77.29
77.29
77.31
77.31
77.46
77.45
77.48
77.48
77.48
77.48
77.49
77.45
77.45
77.45
77.46
77.44
77.44
77.63
77.63
77.61
77.6
77.6
77.62
77.66
77.66
77.66
77.66
77.66
77.67
77.67
77.67
77.67
77.64
77.65
77.64
77.64
77.64
77.64
77.64
77.65
77.64
77.64
77.64
77.64
77.64
77.65
77.66
77.66
77.66
77.66
77.66
77.95
78.38
78.38
78.38
78.38
78.29
78.27
78.26
78.21
78.18
78.2
78.21
78.21
78.21
78.21
78.21
78.21
78.21
79.45
79.45
79.45
79.45
79.95
79.95
79.94
79.94
79.94
79.93
79.93
79.93
79.45
79.45
79.45
79.95
79.95
79.96
79.96
79.96
79.91
79.91
79.91
79.91
79.9
79.9
79.9
79.91
79.91
79.91
79.91
79.92
79.92
79.92
79.92
79.9
79.9
79.9
80.08
80.08
80.08
80.08
80.09
80.09
80.09
80.09
80.09
80.09
80.09
80.09
80.09
80.09
80.09
80.11
80.09
80.09
80.09
80.09
80.01
80.01
80.01
80.01
80.0
80.01
80.01
79.72
79.72
79.73
79.73
79.74
79.73
79.74
79.74
79.74
79.76
79.76
79.76
79.76
79.77
79.94
79.94
79.94
79.94
79.95
79.94
79.95
79.95
79.95
79.95
79.95
79.95
79.94
79.95
79.95
79.96
79.96
79.96
79.96
79.97
79.97
79.97
80.01
80.01
80.01
79.98
80.14
80.14
80.14
80.14
80.15
80.17
80.17
80.17
80.17
80.17
80.17
80.17
80.17
80.17
80.17
80.17
80.17
80.15
80.15
80.15
80.15
80.15
80.15
80.15
80.15
80.16
80.16
80.15
80.16
80.16
80.14
80.14
80.15
80.17
80.16
80.17
80.17
80.17
80.17
80.18
80.18
80.18
80.25
80.25
80.27
80.27
80.27
80.27
80.27
80.27
80.27
80.24
80.22
80.22
80.22
80.22
80.42
80.42
80.4
80.37
80.37
80.35
80.35
80.35
80.31
80.33
80.31
80.31
80.33
80.23
80.23
80.42
80.2
80.19
80.19
80.2
80.22
80.22
80.23
80.19
80.2
80.2
80.2
80.2
80.21
80.21
80.26
80.26
80.23
80.23
80.23
80.23
80.22
80.22
80.26
80.26
80.25
80.24
80.23
80.23
80.23
80.23
80.23
80.23
80.23
80.23
80.23
80.22
80.25
80.25
80.25
80.25
80.25
80.22
80.24
80.24
80.24
80.24
80.18
80.17
80.17
80.17
80.17
80.11
80.11
80.12
80.13
80.13
80.13
80.12
80.13
80.14
80.15
80.16
80.23
80.21
80.21
80.17
80.17
80.17
80.23
80.24
80.25
80.32
80.32
80.25
80.33
80.22
80.22
80.22
80.23
80.25
80.25
80.24
80.24
80.24
80.21
80.2
80.2
80.2
80.2
80.2
80.2
78.88
78.88
78.88
78.88
78.88
78.88
78.88
78.88
78.89
78.88
78.86
78.86
78.8
78.8
78.8
78.8
78.79
78.79
78.79
78.8
78.81
78.81
78.81
78.81
79.33
79.33
79.33
79.33
79.33
79.33
79.33
79.33
79.33
79.33
79.33
79.33
79.33
79.33
79.3
79.29
79.28
79.28
79.28
79.28
79.28
79.27
79.27
79.27
79.27
79.27
79.27
79.27
79.27
79.27
79.27
79.27
79.27
79.27
79.27
79.28
79.28
79.27
79.28
79.28
79.28
79.27
79.27
79.27
79.27
79.28
79.26
79.22
79.22
79.22
79.22
79.22
79.21
79.21
79.21
79.21
79.22
79.22
79.23
79.22
79.22
79.22
79.56
79.56
79.56
79.62
79.62
79.63
79.63
79.63
79.64
79.64
79.66
79.66
79.62
79.62
79.62
79.63
79.63
79.63
79.63
79.62
79.62
79.62
79.6
79.6
79.6
79.6
79.6
79.58
79.61
79.61
79.61
79.61
79.65
79.64
79.64
79.64
79.65
79.65
79.65
79.65
79.65
79.65
79.67
79.67
79.67
79.67
79.67
79.59
79.59
79.59
79.6
79.61
79.61
79.61
79.61
79.61
79.61
79.62
79.63
79.63
79.63
79.64
79.65
79.65
79.65
79.64
79.63
79.65
79.66
79.67
79.66
79.65
79.64
79.64
79.64
79.64
79.64
79.63
79.63
79.63
79.63
79.65
79.63
79.63
79.66
79.63
79.63
79.63
79.64
79.64
79.64
79.64
79.64
79.64
79.65
79.65
79.66
79.65
79.65
79.64
79.65
79.65
79.65
79.65
79.65
79.71
79.71
79.7
79.7
79.69
79.67
79.66
79.66
79.71
79.71
79.72
79.71
79.74
79.74
79.71
79.75
79.75
79.75
79.75
79.74
79.74
79.74
79.74
79.74
79.76
79.76
79.76
79.77
79.77
79.77
79.77
79.77
79.77
79.77
79.77
79.76
79.76
79.76
79.76
79.76
79.76
79.76
79.75
79.75
79.75
79.75
79.64
79.64
79.65
79.63
79.63
79.63
79.63
79.72
79.71
79.71
79.71
79.71
79.71
79.71
80.46
80.46
80.45
80.45
80.46
80.46
80.46
80.46
80.47
80.44
80.44
80.44
80.44
80.44
80.45
80.46
80.45
80.45
80.47
80.47
80.47
80.47
80.47
80.51
80.51
80.5
80.5
80.5
80.5
80.5
80.48
80.48
80.48
80.46
80.46
80.46
80.46
80.47
80.5
80.5
80.5
80.5
80.5
80.5
80.51
80.51
80.51
80.51
80.51
80.51
80.53
80.54
80.55
80.55
80.55
80.55
80.55
80.55
80.55
80.57
80.55
80.56
80.56
80.57
80.56
80.57
80.57
80.57
80.57
80.57
80.61
80.59
80.59
80.57
80.61
80.61
80.63
80.63
80.63
80.61
80.62
80.62
80.62
80.62
80.62
80.61
80.63
80.64
80.65
80.65
80.63
80.63
80.62
80.62
80.62
80.62
80.62
80.64
80.64
80.63
80.63
80.63
80.63
80.63
80.63
80.64
80.61
80.59
80.6
80.6
80.59
80.61
80.61
80.61
80.61
80.61
75.82
75.83
75.81
75.81
75.8
75.8
75.8
75.78
75.78
75.76
75.76
75.76
75.76
75.76
75.75
75.75
75.75
77.98
77.98
77.98
78.0
77.96
77.97
77.96
77.95
77.95
77.96
77.94
77.94
77.94
77.94
77.94
77.87
77.87
77.87
77.9
77.9
77.9
77.9
77.91
77.91
77.91
77.91
77.91
77.92
77.92
77.92
77.92
77.91
77.91
78.47
78.47
78.47
78.47
78.47
78.47
78.46
78.47
78.47
78.46
78.47
78.46
78.46
78.46
78.45
78.45
78.46
78.46
78.45
78.45
78.45
78.5
78.5
78.5
78.46
78.46
78.6
78.6
78.61
78.59
78.53
78.53
78.47
78.59
78.6
78.6
78.6
78.6
78.6
78.58
78.54
78.54
78.54
78.54
78.54
78.52
78.52
78.52
78.52
78.52
78.52
78.52
78.53
78.51
78.51
78.51
78.51
78.52
78.52
78.52
78.54
78.53
78.54
78.54
78.55
78.55
78.55
78.55
78.56
78.56
78.56
78.56
78.56
78.56
78.57
78.57
78.57
78.57
78.57
78.57
78.57
78.57
78.57
78.57
78.57
78.57
78.57
78.57
78.55
78.55
78.54
78.54
78.55
78.55
78.55
78.55
78.55
78.55
78.55
78.55
78.78
78.78
78.78
78.78
78.78
78.78
78.79
78.78
78.8
78.8
78.81
78.81
78.81
78.81
78.81
78.81
78.8
78.8
78.8
78.8
78.8
78.8
78.8
78.8
78.8
78.8
78.8
78.8
78.81
78.81
78.81
78.81
78.81
78.81
78.82
78.82
78.81
78.81
78.8
78.8
78.78
78.73
78.73
78.72
78.67
78.67
78.67
78.67
78.67
78.67
78.64
78.64
78.64
78.67
78.67
78.67
78.67
78.64
78.66
78.73
78.73
78.09
78.05
78.05
78.05
77.95
77.95
77.95
77.86
77.86
77.87
77.87
77.87
77.87
77.87
77.87
77.87
77.87
77.85
77.87
77.88
77.89
77.89
77.88
77.88
77.89
77.88
77.88
77.87
77.84
77.84
77.84
77.84
77.84
77.36
77.36
77.36
77.36
77.37
77.37
77.37
77.36
77.37
77.38
77.35
77.46
77.46
77.46
77.46
77.46
77.46
77.53
77.53
77.53
77.52
77.53
77.52
77.52
77.52
77.52
77.53
77.53
77.53
77.53
77.53
77.53
77.53
77.53
77.53
75.98
75.98
75.99
75.99
75.99
75.96
75.94
75.94
75.94
75.95
75.95
75.97
75.97
75.94
75.94
75.92
75.92
75.92
75.92
75.92
75.92
75.92
75.92
75.92
75.92
75.92
75.92
75.92
75.94
75.95
75.99
75.99
75.98
75.98
75.98
75.95
75.98
75.98
75.97
75.97
75.97
75.94
75.94
75.94
75.94
76.0
76.45
76.45
76.44
76.44
76.44
76.44
76.44
76.44
76.42
76.4
76.39
76.39
76.39
76.38
76.39
76.39
76.39
76.39
76.39
76.39
76.39
77.09
77.09
77.11
77.11
77.11
77.11
77.11
77.11
77.11
77.11
77.11
77.12
77.11
77.12
77.12
77.12
77.12
77.12
77.12
77.12
77.13
77.13
77.12
77.12
77.12
77.32
77.32
77.32
77.32
77.32
77.32
77.32
77.36
77.35
77.35
77.35
77.34
77.34
77.33
77.33
77.33
77.32
77.41
77.36
77.36
77.36
77.36
77.52
77.45
77.53
77.54
77.53
77.52
77.52
77.52
77.51
77.51
77.51
77.51
77.53
77.54
77.54
77.58
77.57
77.63
77.63
77.63
77.64
77.64
77.64
77.64
77.64
77.64
77.9
77.9
77.9
77.89
77.89
77.88
77.89
77.89
77.9
77.87
77.87
77.62
77.62
77.62
77.62
77.62
77.62
77.65
77.64
77.64
77.64
77.64
77.63
77.63
77.64
77.64
77.64
77.64
77.64
77.64
77.64
77.64
77.64
77.64
77.64
77.64
77.64
77.64
77.63
77.63
77.63
77.63
77.6
77.62
77.62
77.62
77.61
77.61
77.61
77.61
77.61
77.62
77.61
77.61
77.62
77.62
77.61
77.61
77.61
77.61
77.61
77.61
77.61
77.61
77.61
77.61
77.61
77.61
77.62
77.62
77.62
77.62
77.62
77.61
77.61
77.61
77.62
77.62
77.63
77.63
77.63
77.65
77.65
77.62
77.62
77.62
77.62
77.62
77.61
77.61
77.62
77.62
77.63
77.63
77.63
77.63
77.61
77.6
77.6
77.6
77.6
77.59
77.7
77.7
77.7
77.71
77.71
77.7
77.7
77.7
77.7
77.71
77.71
77.71
77.72
77.72
77.72
77.73
77.73
77.73
77.73
77.74
77.74
77.74
77.74
77.74
77.74
77.74
77.75
77.75
77.75
77.75
77.75
77.75
77.75
77.75
77.75
77.75
77.75
77.75
77.75
77.75
77.75
77.75
77.75
77.75
77.75
77.75
77.75
77.75
77.72
77.7
77.7
77.7
77.7
77.7
77.7
77.7
77.7
77.68
77.68
77.68
77.68
77.68
77.68
77.68
77.68
77.68
77.68
77.68
77.67
77.67
77.67
77.67
77.67
77.67
77.67
77.67
77.67
77.67
77.66
77.66
77.66
77.66
77.66
77.64
77.65
77.65
77.63
77.64
77.64
77.64
77.64
77.64
77.64
77.64
77.64
77.64
77.63
77.64
77.63
77.63
77.64
77.64
77.64
77.64
77.64
77.64
77.64
77.64
77.64
77.64
77.64
77.65
77.65
77.65
77.65
77.65
77.65
77.65
77.65
77.63
77.62
77.62
77.62
77.62
77.62
77.62
77.62
77.61
77.6
77.6
77.6
77.6
77.6
77.6
77.6
77.6
77.59
77.59
77.59
77.59
77.59
77.59
77.6
77.6
77.6
77.6
77.6
77.6
77.58
77.58
77.57
77.57
77.57
77.57
78.11
78.11
78.11
78.11
78.11
78.11
78.11
78.11
78.12
78.11
78.8
78.8
78.8
78.8
78.8
78.8
78.82
78.82
78.82
78.82
78.82
78.81
78.82
78.82
78.82
78.82
78.82
78.82
78.81
78.81
78.81
78.56
78.55
78.55
78.55
78.55
78.55
78.55
77.67
77.79
77.8
77.8
77.81
77.71
77.71
77.71
77.66
77.66
77.66
77.65
77.65
77.65
77.7
77.7
77.71
77.71
77.71
77.71
77.72
77.72
77.72
77.71
77.7
77.7
77.7
77.67
77.67
77.69
77.69
77.7
77.6
77.6
77.6
77.59
77.59
77.59
78.55
77.59
78.55
77.59
77.59
77.59
77.56
77.56
77.54
78.55
77.54
77.54
77.54
77.54
77.54
77.54
77.54
77.54
77.54
77.54
77.54
77.53
77.53
77.53
77.52
77.52
77.52
77.51
77.51
77.51
77.49
77.49
77.51
77.51
78.55
78.55
77.48
78.53
77.35
77.25
77.25
76.91
76.94
76.94
75.85
75.85
75.8
75.8
75.78
75.78
75.78
75.78
75.77
75.88
75.88
75.88
75.87
75.87
75.89
75.89
75.89
75.89
75.89
75.89
75.88
75.88
75.87
75.87
75.88
75.88
75.87
75.86
75.85
75.75
77.72
77.72
77.73
77.73
77.74
77.74
77.74
77.72
77.71
77.71
77.72
77.72
77.71
77.72
77.72
77.72
77.64
77.64
77.64
77.64
77.64
77.65
77.64
77.63
77.64
77.64
77.64
77.63
77.63
77.64
77.64
77.64
77.64
77.64
77.63
77.63
77.62
77.63
77.62
77.61
77.62
77.62
77.62
77.82
77.82
77.82
77.81
77.82
77.81
77.81
77.81
77.8
77.81
77.81
77.91
77.91
77.92
77.91
77.9
77.94
77.94
77.93
77.94
77.98
77.98
77.99
77.99
77.99
77.98
77.98
77.98
77.97
77.97
77.97
77.98
77.98
77.98
77.98
78.1
78.1
78.1
78.11
78.11
78.11
78.11
78.11
78.11
78.11
78.11
78.11
78.11
78.12
78.12
78.12
78.12
78.12
78.12
78.12
78.12
78.12
78.1
78.1
78.1
78.1
78.1
78.1
78.09
78.09
78.09
78.1
78.1
78.1
78.11
78.12
78.12
78.12
78.12
78.1
78.11
78.09
78.09
78.09
78.09
78.06
78.06
78.09
78.09
78.09
78.09
78.09
78.09
78.09
78.09
78.09
78.09
78.09
78.09
78.09
78.09
78.09
78.09
78.09
78.09
78.08
78.08
78.06
78.06
78.06
78.06
78.06
78.06
78.06
78.06
78.06
78.06
78.06
78.06
78.06
78.06
78.06
78.06
78.06
78.06
78.06
78.06
78.06
78.06
78.06
78.06
78.06
78.06
78.06
78.06
78.06
78.06
78.06
78.06
78.06
78.06
78.06
78.06
78.06
78.06
78.06
78.06
78.06
78.06
78.06
78.06
78.06
78.06
78.06
78.06
78.06
78.06
78.06
78.05
78.05
78.05
78.05
78.05
78.05
78.05
78.05
78.05
78.05
78.14
78.14
78.14
78.14
78.14
78.14
78.14
78.14
78.14
78.14
78.14
78.14
78.14
78.14
78.14
78.14
78.14
78.14
78.14
78.14
78.14
78.14
78.14
78.14
78.14
78.14
78.14
78.14
78.14
78.14
78.14
78.14
78.14
78.14
78.14
78.14
78.14
78.14
78.14
78.14
78.14
78.14
78.14
78.14
78.14
78.14
78.14
78.14
78.14
78.14
78.14
78.14
78.14
78.14
78.14
78.14
78.14
78.14
78.14
78.14
78.14
78.14
78.14
78.14
78.14
78.14
78.14
78.14
78.14
78.14
78.14
78.14
78.14
78.14
78.14
78.13
78.13
78.13
78.12
78.12
78.12
78.12
78.12
78.12
78.12
78.12
78.12
78.12
78.12
78.12
77.93
78.46
78.46
78.46
78.46
78.12
78.52
78.52
74.94
74.66
69.36
69.36
78.12
69.36
69.36
78.12
69.73
69.17
69.17
69.17
67.52
67.53
67.46
66.88
78.12
78.11
78.09
78.09
78.09
78.1
78.1
78.1
78.08
78.08
78.08
78.08
78.08
78.08
78.08
78.08
78.07
78.07
78.07
78.06
78.07
78.05
78.07
78.07
78.07
78.07
78.07
78.07
78.07
78.07
78.07
78.05
78.05
78.05
78.05
78.05
78.05
78.05
78.05
78.04
78.04
78.04
78.04
78.04
78.04
78.04
78.04
78.04
78.04
78.04
78.04
78.04
78.04
78.04
78.04
78.04
78.04
78.04
78.04
78.04
78.04
78.04
78.04
78.04
78.04
66.88
71.82
66.96
66.96
66.96
66.97
66.96
66.96
66.97
66.98
67.23
64.9
64.9
55.91
55.91
55.66
55.66
55.66
55.66
55.66
55.66
55.68
55.68
55.68
55.68
55.74
55.74
56.52
56.5
56.39
56.36
56.37
56.8
56.8
56.8
51.51
51.59
51.51
51.51
51.51
51.51
51.46
51.46
51.46
51.14
51.21
51.21
66.03
66.03
66.04
66.06
66.05
66.04
66.03
66.96
67.05
66.53
66.88
67.23
67.22
67.23
67.23
67.23
60.12
60.12
59.79
65.48
65.47
65.51
65.5
65.63
65.65
65.65
65.65
65.65
65.47
65.3
65.3
65.46
65.46
65.84
65.78
66.49
66.49
72.66
72.66
72.67
72.37
72.19
73.19
73.19
72.88
72.88
72.89
72.88
72.88
72.88
72.88
72.88
72.88
72.88
72.88
72.35
72.56
72.56
72.56
72.56
72.56
72.56
72.57
72.57
72.57
71.45
71.45
71.45
69.51
69.52
69.11
69.11
69.11
68.07
68.05
68.54
68.52
68.52
68.52
68.52
68.51
68.51
68.51
68.46
68.42
68.44
68.45
59.53
59.52
59.4
59.4
59.4
59.4
59.4
59.4
59.4
59.4
59.4
59.32
59.32
59.31
59.31
59.26
59.26
59.23
59.23
62.27
62.27
62.28
62.29
62.29
62.31
60.73
60.55
60.55
60.55
60.55
60.56
60.56
60.56
60.59
60.6
60.6
60.58
60.59
60.59
60.59
60.59
60.59
60.59
60.59
60.59
60.59
60.59
60.59
60.59
60.59
60.6
60.59
60.58
60.58
60.58
60.58
60.59
60.59
60.59
60.57
60.57
60.57
60.57
60.74
60.74
60.74
60.74
60.74
60.74
60.81
60.8
60.81
60.82
60.82
60.82
60.82
60.81
60.81
60.81
60.81
60.82
60.81
60.81
60.81
60.81
60.8
60.81
60.81
60.81
60.81
60.8
60.8
60.8
60.8
60.81
60.83
60.84
60.83
60.83
60.83
60.84
60.84
60.84
60.85
60.85
60.83
60.83
60.83
60.82
60.82
60.83
60.83
60.83
60.83
60.72
60.07
60.08
60.08
60.07
60.12
60.11
60.11
60.11
60.11
60.11
60.11
60.11
60.11
60.11
60.12
60.12
60.12
60.12
60.11
60.11
60.1
60.12
60.13
60.13
60.13
60.11
60.11
60.1
60.1
60.1
60.16
60.17
60.17
60.17
60.17
60.17
60.17
60.17
60.17
60.17
60.18
60.17
60.17
60.17
60.17
60.17
60.17
60.17
60.17
60.17
60.17
60.17
60.17
59.64
59.64
59.66
59.66
59.65
59.66
59.65
59.65
59.65
59.62
59.62
59.62
59.62
59.62
59.63
59.63
59.63
59.63
59.63
59.62
59.62
60.37
60.37
60.36
60.37
60.39
60.39
60.38
60.32
60.32
60.33
60.33
60.32
60.32
60.32
60.32
60.32
60.32
60.32
60.32
60.32
60.32
60.32
60.32
